Date,Facebook,Twitter,Pinterest,YouTube,Instagram,LinkedIn,Tumblr,Google+,VKontakte,reddit,StumbleUpon,Other
2009-04,100,0,0,0,0,0,0,0,0,0,0,0
2009-05,57.14,0,0,0,0,0,0,0,0,14.29,0,28.57
2009-06,25,0,0,0,0,0,0,0,0,0,25,50
2009-07,9.09,27.27,0,0,0,18.18,0,0,0,0,0,45.45
2009-08,44.44,0,0,0,0,33.33,0,0,0,0,22.22,0
2009-09,75,0,0,0,0,15,0,0,0,0,0,10
2009-10,97.22,0,0,0,0,2.78,0,0,0,0,0,0
2009-11,80.56,2.78,0,0,0,5.56,0,0,0,0,0,11.11
2009-12,95.45,0,0,0,0,0,0,0,0,4.55,0,0
2010-01,58.82,0,0,0,0,0,0,0,0,0,0,41.18
2010-02,37.5,18.75,0,0,0,0,0,0,0,0,0,43.75
2010-03,73.33,0,0,16.67,0,0,0,0,0,0,6.67,3.33
2010-04,80.3,1.52,0,13.64,0,0,0,0,0,0,0,4.55
2010-05,52.63,0,0,26.32,0,0,0,0,0,0,1.75,19.3
2010-06,87.05,0.72,0,8.63,0,0.72,0,0,0,0,0.72,2.16
2010-07,91.29,2.79,0,0.35,0,1.05,0,0,0,0.7,0.7,3.14
2010-08,89.8,1.32,0,0.66,0,0,0,0,0,0,2.3,5.92
2010-09,88.69,0.9,0,2.71,0,0.45,0,0,0,2.26,2.26,2.71
2010-10,89.72,1.87,0,1.87,0,0.47,0,0,0,5.14,0,0.93
2010-11,93.86,4.39,0,0.88,0,0,0,0,0,0,0,0.88
2010-12,91.45,1.32,0,4.61,0,0,0,0,0,1.97,0,0.66
2011-01,90.38,0.84,0,0.42,0,2.93,0,0,0,2.93,0,2.51
2011-02,93.44,2.3,0,1.31,0,0.66,0,0,0,1.31,0,0.98
2011-03,91.59,0.87,0,1.45,0,1.45,0,0,0,1.16,1.16,2.32
2011-04,86.02,1.52,0,10.17,0,0.38,0,0,0,1.65,0,0.25
2011-05,94.23,3.12,0,0.92,0,0.35,0,0,0,0.35,0.35,0.69
2011-06,85.93,7.68,0,2.35,0,1.49,0,0,0,1.71,0.43,0.43
2011-07,83.04,2.3,0,10.78,0,0.53,0,0,0,0,0.88,2.47
2011-08,97.86,0.31,0,0.99,0,0.31,0,0,0,0.15,0.23,0.15
2011-09,93.6,1.49,0,2.17,0,1.03,0,0,0,0.57,0.69,0.46
2011-10,87.37,4.9,0,0.74,0,4.75,0,0.15,0.74,0.15,0.74,0.45
2011-11,88.38,0.65,0,7.36,0,0.82,0,0.16,0,0.33,0.49,1.8
2011-12,94.26,2.5,0,2.06,0,0.59,0,0,0,0,0.15,0.44
2012-01,96.58,0.47,0,1.3,0,0.83,0,0,0.12,0.12,0.24,0.35
2012-02,94.8,1.33,0,2.04,0,0.71,0,0,0,0.1,0.31,0.71
2012-03,94.76,2.61,0,1.92,0,0.39,0,0,0,0.13,0.13,0.07
2012-04,94.54,0.46,0.19,3.52,0,0.83,0,0,0.09,0.09,0,0.28
2012-05,91.01,1.24,0.19,4.78,0,2.01,0,0.1,0,0.48,0,0.19
2012-06,91.64,1.96,0.17,4.52,0,1.28,0,0,0,0,0.34,0.09
2012-07,90.77,3.27,0.14,3.84,0,0.71,0,0,0,0,0.99,0.28
2012-08,91.6,1.97,0.39,3.67,0,1.97,0,0,0,0,0.26,0.13
2012-09,87.96,6.67,0.33,2.52,0,1.42,0,0,0,0.11,0.88,0.11
2012-10,94.07,1.16,0.58,2.32,0,0.8,0,0,0,0.36,0.14,0.58
2012-11,92.77,3.15,0.12,1.75,0,1.28,0,0,0,0.35,0.23,0.35
2012-12,93.7,2.28,0.76,1.66,0,0.42,0,0,0,0.21,0,0.97
2013-01,87.17,4.91,2.1,3.01,0,1.5,0,0,0,0.9,0.1,0.3
2013-02,93.65,2.27,0.94,1.14,0,0.6,0,0.47,0,0.13,0.74,0.07
2013-03,92.48,2.93,0.93,2.15,0,0.5,0,0.79,0,0,0.14,0.07
2013-04,93.97,2.59,0.86,1.6,0,0.25,0,0.18,0,0.12,0.43,0
2013-05,95.69,2.21,0.61,0.88,0,0.22,0,0,0.06,0.22,0.06,0.06
2013-06,93.73,2.47,0.62,2,0,0.56,0,0.1,0,0.05,0.21,0.26
2013-07,90.56,5.39,1.11,2.21,0,0.37,0,0.09,0,0.23,0,0.05
2013-08,94.45,2.84,0.24,1.63,0,0.45,0,0.03,0,0.14,0,0.21
2013-09,93.62,3.44,0.5,1.41,0,0.59,0,0.16,0,0.16,0.09,0.03
2013-10,87.66,8.1,0.63,1.84,0,0.56,0.24,0.31,0,0.31,0.03,0.31
2013-11,91.04,3.52,0.97,1.58,0,0.4,1.54,0.3,0,0.2,0.17,0.27
2013-12,90.14,3.46,1.52,2.08,0,0.46,1.41,0.35,0,0.32,0.14,0.11
2014-01,82.4,10.74,0.6,2.4,0,0.39,2.86,0.04,0,0.39,0.07,0.11
2014-02,89,2.96,0.83,1.93,0,0.95,3.59,0.24,0,0.24,0.24,0.04
2014-03,93.49,1.41,0.35,0.63,0,0.14,3.75,0.1,0,0.08,0.01,0.05
2014-04,97.91,0.78,0.29,0.38,0,0.05,0.29,0.11,0.01,0.03,0.15,0
2014-05,98.16,0.87,0.19,0.28,0,0.04,0.33,0.06,0,0.01,0.05,0.02
2014-06,98.79,0.6,0.1,0.19,0,0.02,0.12,0.02,0,0.01,0.09,0.06
2014-07,99.19,0.38,0.05,0.15,0,0.02,0.11,0.02,0,0.01,0.01,0.05
2014-08,99.25,0.51,0.04,0.05,0,0.01,0.08,0.01,0,0.01,0.01,0.05
2014-09,99.49,0.29,0.06,0.08,0,0.01,0.05,0.01,0,0.01,0,0
2014-10,99.33,0.31,0.07,0.15,0,0.03,0.06,0,0,0.01,0.05,0
2014-11,98.65,0.77,0.24,0.14,0,0.02,0.07,0.03,0.01,0.01,0.05,0.01
2014-12,98.77,0.71,0.16,0.05,0,0.02,0.16,0.04,0.01,0.02,0.06,0.01
2015-01,98.45,0.98,0.12,0.05,0,0.05,0.12,0.13,0.02,0.08,0,0
2015-02,99.01,0.44,0.12,0.02,0,0.03,0.12,0.17,0.03,0.04,0.01,0
2015-03,98.75,0.36,0.22,0.04,0,0.07,0.34,0.08,0.05,0.06,0.02,0
2015-04,97.47,1.08,0.52,0.07,0,0.04,0.4,0.18,0.15,0.06,0.05,0
2015-05,97.31,1.1,0.62,0.07,0,0.06,0.45,0.09,0.07,0.16,0.06,0.01
2015-06,97.86,0.92,0.48,0.07,0,0.11,0.35,0.1,0.06,0.03,0.01,0.01
2015-07,97.18,1.09,0.45,0.37,0,0.23,0.3,0.08,0.21,0.08,0.01,0
2015-08,96.81,1.12,0.73,0.1,0,0.05,0.4,0.41,0.17,0.13,0.07,0.01
2015-09,94.5,1.78,1.35,0.72,0,0.12,0.43,0.57,0.25,0.25,0.04,0
2015-10,96.81,1.58,0.83,0.2,0,0.09,0.18,0.17,0.09,0.05,0,0
2015-11,96.78,1.73,0.64,0.4,0,0.12,0.19,0.06,0.03,0.04,0,0
2015-12,96.28,2.42,0.66,0.1,0,0.23,0.1,0.1,0.05,0.04,0.02,0
2016-01,97.09,1.86,0.52,0.01,0,0.11,0.14,0.16,0.07,0.02,0.02,0
2016-02,96.8,2.27,0.48,0.01,0,0.08,0.16,0.09,0.07,0.03,0,0.01
2016-03,88.7,8.62,1.07,0,0,0.28,0.47,0.2,0.36,0.26,0.03,0.01
2016-04,90.05,7.2,1.09,0.01,0,0.36,0.6,0.21,0.41,0.03,0.04,0
2016-05,89.45,7.5,1.41,0.01,0,0.18,0.75,0.19,0.46,0.06,0,0
2016-06,93.03,4.46,1.34,0.02,0,0.41,0.3,0.22,0.12,0.06,0.01,0.02
2016-07,91.72,4.82,1,0.02,0,1.28,0.82,0.19,0.01,0.05,0.06,0.02
2016-08,92.65,4.38,1.88,0.03,0,0.5,0.18,0.3,0.04,0.01,0.01,0.01
2016-09,94.01,2.75,2.26,0,0,0.43,0.21,0.19,0.06,0.02,0.05,0.02
2016-10,93.65,2.25,2.31,0.01,0.01,0.34,0.16,1.05,0.16,0.03,0.02,0.02
2016-11,94.95,1.8,2.55,0.01,0.11,0.24,0.11,0.13,0.01,0,0.05,0.03
2016-12,94.7,2.1,2.28,0.02,0.03,0.5,0.18,0.08,0.01,0.02,0.09,0.01
2017-01,94.65,1.64,2.9,0.03,0.07,0.35,0.18,0.13,0.01,0.01,0.02,0.01
2017-02,95.25,1.46,2.41,0.02,0.2,0.21,0.38,0.05,0.01,0,0.01,0
2017-03,95.07,1.68,2.62,0.01,0.05,0.14,0.29,0.08,0,0.01,0.03,0.03
2017-04,95.54,1.39,2.66,0.02,0.03,0.12,0.11,0.08,0,0,0.04,0
2017-05,96.03,1.54,1.88,0.15,0.02,0.15,0.04,0.12,0,0.01,0.05,0.01
2017-06,95.46,1.96,2.04,0.29,0.02,0.08,0.06,0.04,0,0,0.05,0.02
2017-07,95.15,2.59,1.8,0.3,0.01,0.05,0.03,0.04,0,0.01,0.01,0.01
2017-08,95.56,1.86,2,0.39,0.03,0.08,0.02,0.04,0,0.01,0.01,0
2017-09,94.28,1.89,3.33,0.32,0.03,0.07,0.01,0.03,0.03,0,0,0
2017-10,95.11,1.42,2.96,0.29,0.03,0.07,0.01,0.04,0.06,0,0.01,0
2017-11,93.02,2.1,3.75,0.79,0.04,0.18,0,0.05,0.01,0.01,0.03,0
2017-12,94.8,1.64,2.55,0.83,0.01,0.1,0,0.03,0.01,0.01,0.02,0
2018-01,93.14,2.08,3.55,0.97,0.03,0.12,0.01,0.05,0.02,0.01,0.02,0
2018-02,89.67,3.71,4.81,1.48,0.05,0.21,0,0.05,0,0.01,0.02,0
2018-03,89.13,3.39,4.78,1.96,0.1,0.38,0.01,0.2,0.04,0.01,0.01,0
2018-04,87.24,3.37,6.46,2.19,0.17,0.45,0.02,0.03,0.03,0,0.02,0
2018-05,91.27,2.64,3.58,1.99,0.06,0.32,0.03,0.07,0.04,0.01,0,0
2018-06,91.55,2.64,3.76,1.77,0.06,0.05,0.08,0.06,0.02,0,0.01,0
2018-07,89.24,4.04,4.42,1.97,0.06,0.17,0.02,0.07,0.01,0,0,0
2018-08,91.78,2.65,3.27,2.01,0.05,0.12,0.03,0.08,0.01,0,0,0
2018-09,89.02,2.34,4.88,3.03,0.33,0.13,0.04,0.18,0.06,0,0,0
2018-10,86.55,5.67,4.22,2.94,0.15,0.35,0.01,0.07,0.01,0.02,0,0
2018-11,92.87,2.17,2.47,2.05,0.31,0.04,0.03,0.04,0,0.01,0.01,0.01
2018-12,92.59,2.9,2.46,1.57,0.19,0.23,0.02,0.02,0.01,0.01,0,0
2019-01,92.86,2.88,2.6,1.25,0.17,0.05,0.01,0.12,0.01,0.03,0.01,0.01
2019-02,92.1,2.74,2.87,1.75,0.28,0.01,0.03,0.02,0.03,0.14,0,0.04
2019-03,93.56,2.23,2.97,0.74,0.42,0.01,0,0.05,0.01,0,0.01,0
2019-04,91.83,2.64,4.11,0.9,0.49,0.02,0,0,0,0,0,0.01
2019-05,93.02,2.28,3.53,0.89,0.27,0.01,0,0,0,0,0,0
2019-06,90.19,4.35,4.38,0.98,0.09,0,0,0,0,0,0,0
2019-07,91.47,3.6,3.82,0.84,0.24,0.01,0.01,0,0.02,0,0,0
2019-08,94.08,2.04,2.59,0.49,0.78,0.01,0,0,0.01,0,0,0
2019-09,94.57,1.26,3.09,0.43,0.59,0.04,0,0,0.01,0,0,0
2019-10,92.74,1.92,3.44,0.7,1.13,0.05,0,0,0.03,0,0,0
2019-11,90.73,1.75,4.85,0.81,1.8,0.02,0.01,0,0.01,0.02,0,0.01
2019-12,79.36,2.58,12.09,2.24,3.56,0.06,0,0,0.07,0.03,0,0.01
2020-01,77.06,3.15,14.73,1.75,3.25,0.05,0,0,0.01,0,0,0
2020-02,81.4,2.6,11.7,1.35,2.88,0.01,0,0,0.02,0.03,0,0.01
2020-03,88.37,2.35,5.95,0.91,2.36,0.01,0.04,0,0.01,0,0,0
2020-04,82.4,4.4,8.17,1.97,2.93,0.02,0.08,0,0.02,0.02,0,0
2020-05,84.91,2.2,8.95,3,0.81,0.02,0.01,0,0.04,0.06,0,0.01
2020-06,89.33,1.53,6.42,1.99,0.62,0.05,0.02,0,0.02,0.01,0,0.01
2020-07,89.52,1.04,7.02,1.73,0.65,0.02,0.01,0,0,0.01,0,0.01
2020-08,92.23,0.58,4.73,1.56,0.78,0.06,0.03,0,0.01,0.02,0,0
2020-09,89.96,0.86,6.79,1.89,0.42,0.03,0.01,0,0.02,0.01,0,0.01
2020-10,91.1,0.78,6.8,0.89,0.32,0.08,0.01,0,0.02,0.01,0,0
2020-11,92.55,1.77,4.22,0.89,0.51,0,0.02,0,0.01,0.01,0,0
2020-12,92.59,2.06,4.15,0.76,0.32,0.09,0.01,0,0,0.02,0,0
2021-01,90.53,2.28,5.2,1.36,0.58,0.02,0,0,0.01,0.01,0,0
2021-02,88.83,4.39,5.21,0.99,0.54,0,0,0,0.02,0.01,0,0
2021-03,89.8,2.54,5.75,1.1,0.65,0.1,0.04,0,0.01,0.01,0,0
2021-04,90.75,2.82,4.46,1.25,0.61,0.03,0.03,0,0.03,0.01,0,0.01
2021-05,92.7,1.45,3.53,1.37,0.81,0.07,0.02,0,0.05,0,0,0
2021-06,91.7,2.82,3.42,1.21,0.66,0.05,0.05,0,0.05,0.04,0,0
2021-07,86.11,8.18,3.11,1.29,0.94,0.07,0.15,0,0.11,0.04,0,0
2021-08,88.04,7.7,2.26,0.89,0.8,0.02,0.21,0,0.06,0.01,0,0
2021-09,88.73,4.98,3.06,1.64,1.21,0.03,0.15,0,0.17,0.03,0,0
2021-10,91.55,1.48,3.9,1.79,0.99,0.01,0.11,0,0.14,0.02,0,0
2021-11,93.13,1.27,3.41,1.42,0.39,0.08,0.08,0,0.2,0.02,0,0
2021-12,93.96,1.38,2.45,1.76,0.28,0.03,0.04,0,0.08,0.02,0,0.01
2022-01,93.55,1.61,2.78,1.25,0.5,0.07,0.03,0,0.16,0.03,0,0.01
2022-02,94.41,1.27,1.46,2.24,0.34,0.08,0.01,0,0.11,0.08,0,0.01
2022-03,94.71,1.41,1.04,1.9,0.71,0.04,0.03,0,0.15,0.01,0,0
2022-04,93.02,1.78,1.51,2.92,0.49,0.03,0.02,0,0.2,0.01,0,0.02
2022-05,95.93,1.25,1.04,1.43,0.24,0.02,0.01,0,0.09,0,0,0.01
2022-06,95.04,1.63,1.33,1.34,0.47,0.01,0.02,0,0.12,0.02,0,0
2022-07,92.93,1.96,1.24,2.9,0.56,0.03,0.04,0,0.32,0.02,0,0.01
2022-08,91.79,2,1.63,3.22,1.03,0.03,0,0,0.26,0.03,0,0
2022-09,92.67,2.01,1.69,2.81,0.45,0.06,0.02,0,0.28,0.01,0,0
2022-10,95.28,1.18,1.05,1.84,0.36,0.09,0.01,0,0.18,0.01,0,0
2022-11,92.62,2.81,1.89,1.93,0.45,0.05,0.12,0,0.1,0.02,0,0
2022-12,91.7,3.56,1.71,1.97,0.64,0.16,0.06,0,0.09,0.11,0,0
2023-01,90.86,4.52,1.88,1.75,0.8,0.09,0,0,0.02,0.07,0,0.01
2023-02,89.23,5.84,2.07,1.82,0.75,0.16,0.06,0,0,0.06,0,0
2023-03,91.07,5.39,1.41,1.25,0.74,0.09,0.03,0,0,0.04,0,0
2023-04,88.5,8,1.29,1.48,0.6,0.06,0.03,0,0,0.02,0,0
2023-05,89.25,6.67,1.71,1.54,0.64,0.08,0.06,0,0,0.05,0,0
2023-06,88.02,8.03,1.31,1.78,0.71,0.08,0.02,0,0.05,0.01,0,0
2023-07,84.89,9.85,1.85,2.33,0.96,0.06,0.04,0,0,0.02,0,0
2023-08,81.72,11.93,2.74,2.16,1,0.22,0.18,0,0.02,0.04,0,0
2023-09,72.87,21.02,2.71,1.89,1.28,0.12,0.05,0,0,0.06,0,0
2023-10,67.78,26.41,2.74,1.77,1.09,0.11,0.05,0,0,0.04,0,0
2023-11,69.37,25.04,2.45,1.17,1.8,0.07,0.02,0,0.02,0.04,0,0
2009-03,0,0,0,0,0,0,0,0,0,0,0,0
